****************** Beetles Board App ******************


---> Initialization:

1  |  1  |  1  |  1  |  1  |  1  |  1  |  1  |  1  |  1  |  1  |  1  |  1  |  1  |  1  |  
----------------------------------------------------------------------------------------
1  |  1  |  1  |  1  |  1  |  1  |  1  |  1  |  1  |  1  |  1  |  1  |  1  |  1  |  1  |  
----------------------------------------------------------------------------------------
1  |  1  |  1  |  1  |  1  |  1  |  1  |  1  |  1  |  1  |  1  |  1  |  1  |  1  |  1  |  
----------------------------------------------------------------------------------------
1  |  1  |  1  |  1  |  1  |  1  |  1  |  1  |  1  |  1  |  1  |  1  |  1  |  1  |  1  |  
----------------------------------------------------------------------------------------
1  |  1  |  1  |  1  |  1  |  1  |  1  |  1  |  1  |  1  |  1  |  1  |  1  |  1  |  1  |  
----------------------------------------------------------------------------------------
1  |  1  |  1  |  1  |  1  |  1  |  1  |  1  |  1  |  1  |  1  |  1  |  1  |  1  |  1  |  
----------------------------------------------------------------------------------------
1  |  1  |  1  |  1  |  1  |  1  |  1  |  1  |  1  |  1  |  1  |  1  |  1  |  1  |  1  |  
----------------------------------------------------------------------------------------
1  |  1  |  1  |  1  |  1  |  1  |  1  |  1  |  1  |  1  |  1  |  1  |  1  |  1  |  1  |  
----------------------------------------------------------------------------------------
1  |  1  |  1  |  1  |  1  |  1  |  1  |  1  |  1  |  1  |  1  |  1  |  1  |  1  |  1  |  
----------------------------------------------------------------------------------------
1  |  1  |  1  |  1  |  1  |  1  |  1  |  1  |  1  |  1  |  1  |  1  |  1  |  1  |  1  |  
----------------------------------------------------------------------------------------
1  |  1  |  1  |  1  |  1  |  1  |  1  |  1  |  1  |  1  |  1  |  1  |  1  |  1  |  1  |  
----------------------------------------------------------------------------------------
1  |  1  |  1  |  1  |  1  |  1  |  1  |  1  |  1  |  1  |  1  |  1  |  1  |  1  |  1  |  
----------------------------------------------------------------------------------------
1  |  1  |  1  |  1  |  1  |  1  |  1  |  1  |  1  |  1  |  1  |  1  |  1  |  1  |  1  |  
----------------------------------------------------------------------------------------
1  |  1  |  1  |  1  |  1  |  1  |  1  |  1  |  1  |  1  |  1  |  1  |  1  |  1  |  1  |  
----------------------------------------------------------------------------------------
1  |  1  |  1  |  1  |  1  |  1  |  1  |  1  |  1  |  1  |  1  |  1  |  1  |  1  |  1  |  
----------------------------------------------------------------------------------------


********************* after the 25th approach ********************

the number of beetles in each square:

1  |  2  |  4  |  2  |  5  |  9  |  6  |  6  |  2  |  7  |  5  |  4  |  2  |  1  |  2  |  
----------------------------------------------------------------------------------------
1  |  0  |  0  |  0  |  0  |  0  |  0  |  0  |  0  |  0  |  0  |  0  |  0  |  0  |  5  |  
----------------------------------------------------------------------------------------
4  |  0  |  0  |  0  |  0  |  0  |  0  |  0  |  0  |  1  |  0  |  0  |  0  |  0  |  3  |  
----------------------------------------------------------------------------------------
5  |  0  |  0  |  0  |  1  |  0  |  0  |  0  |  0  |  1  |  0  |  0  |  0  |  0  |  4  |  
----------------------------------------------------------------------------------------
4  |  0  |  0  |  0  |  0  |  0  |  0  |  0  |  0  |  0  |  0  |  0  |  0  |  0  |  2  |  
----------------------------------------------------------------------------------------
5  |  0  |  0  |  0  |  0  |  0  |  0  |  0  |  1  |  0  |  0  |  1  |  0  |  0  |  3  |  
----------------------------------------------------------------------------------------
4  |  0  |  2  |  0  |  1  |  0  |  1  |  0  |  0  |  0  |  0  |  1  |  0  |  1  |  6  |  
----------------------------------------------------------------------------------------
3  |  0  |  0  |  1  |  0  |  1  |  0  |  0  |  0  |  0  |  0  |  0  |  0  |  0  |  3  |  
----------------------------------------------------------------------------------------
2  |  0  |  0  |  0  |  0  |  1  |  0  |  0  |  1  |  0  |  0  |  0  |  0  |  0  |  6  |  
----------------------------------------------------------------------------------------
1  |  0  |  0  |  0  |  0  |  2  |  1  |  0  |  0  |  0  |  0  |  0  |  0  |  0  |  7  |  
----------------------------------------------------------------------------------------
2  |  0  |  0  |  0  |  0  |  0  |  0  |  0  |  0  |  0  |  0  |  0  |  0  |  0  |  4  |  
----------------------------------------------------------------------------------------
6  |  0  |  0  |  0  |  0  |  0  |  0  |  0  |  0  |  0  |  0  |  0  |  0  |  0  |  2  |  
----------------------------------------------------------------------------------------
1  |  0  |  0  |  0  |  0  |  0  |  0  |  0  |  0  |  0  |  0  |  0  |  0  |  0  |  5  |  
----------------------------------------------------------------------------------------
4  |  0  |  0  |  0  |  0  |  0  |  0  |  0  |  0  |  0  |  0  |  0  |  0  |  0  |  4  |  
----------------------------------------------------------------------------------------
1  |  3  |  2  |  5  |  4  |  4  |  8  |  6  |  4  |  1  |  3  |  6  |  3  |  2  |  1  |  
----------------------------------------------------------------------------------------
Number of squares occupied: 72.0
Total number of beetles: 225.0
The average number of beetles per occupied square: 3.125
The square(s) with the highest beetle population: 
with number of population = 9


********************* after the 50th approach ********************

the number of beetles in each square:

1  |  2  |  4  |  2  |  5  |  9  |  6  |  6  |  2  |  8  |  5  |  4  |  2  |  1  |  2  |  
----------------------------------------------------------------------------------------
1  |  0  |  0  |  0  |  0  |  0  |  0  |  0  |  0  |  0  |  0  |  0  |  0  |  0  |  5  |  
----------------------------------------------------------------------------------------
4  |  0  |  0  |  0  |  0  |  1  |  0  |  0  |  0  |  0  |  0  |  0  |  0  |  0  |  4  |  
----------------------------------------------------------------------------------------
5  |  0  |  0  |  0  |  0  |  0  |  0  |  0  |  0  |  0  |  1  |  0  |  0  |  0  |  4  |  
----------------------------------------------------------------------------------------
4  |  0  |  0  |  0  |  0  |  0  |  0  |  0  |  0  |  0  |  0  |  0  |  0  |  0  |  2  |  
----------------------------------------------------------------------------------------
6  |  0  |  0  |  0  |  0  |  1  |  0  |  0  |  0  |  0  |  0  |  0  |  0  |  0  |  3  |  
----------------------------------------------------------------------------------------
4  |  0  |  0  |  0  |  0  |  0  |  0  |  0  |  0  |  0  |  1  |  0  |  0  |  0  |  10  |  
----------------------------------------------------------------------------------------
4  |  0  |  0  |  0  |  0  |  0  |  0  |  0  |  0  |  0  |  0  |  0  |  0  |  0  |  3  |  
----------------------------------------------------------------------------------------
2  |  0  |  0  |  0  |  0  |  0  |  0  |  0  |  0  |  0  |  0  |  0  |  0  |  0  |  7  |  
----------------------------------------------------------------------------------------
1  |  0  |  0  |  0  |  0  |  0  |  0  |  0  |  0  |  0  |  0  |  0  |  0  |  0  |  7  |  
----------------------------------------------------------------------------------------
3  |  0  |  0  |  0  |  0  |  0  |  0  |  0  |  0  |  0  |  0  |  0  |  0  |  0  |  4  |  
----------------------------------------------------------------------------------------
6  |  0  |  0  |  0  |  0  |  0  |  0  |  0  |  0  |  0  |  0  |  0  |  0  |  0  |  2  |  
----------------------------------------------------------------------------------------
1  |  0  |  0  |  0  |  0  |  0  |  0  |  0  |  0  |  0  |  0  |  0  |  0  |  0  |  5  |  
----------------------------------------------------------------------------------------
5  |  0  |  0  |  0  |  0  |  0  |  0  |  0  |  0  |  0  |  0  |  0  |  0  |  0  |  4  |  
----------------------------------------------------------------------------------------
1  |  3  |  2  |  5  |  5  |  4  |  8  |  7  |  4  |  2  |  3  |  6  |  3  |  2  |  1  |  
----------------------------------------------------------------------------------------
Number of squares occupied: 60.0
Total number of beetles: 225.0
The average number of beetles per occupied square: 3.75
The square(s) with the highest beetle population: 
with number of population = 10


********************* after the 100th approach ********************

the number of beetles in each square:

1  |  2  |  4  |  2  |  5  |  9  |  6  |  6  |  2  |  9  |  5  |  5  |  2  |  1  |  2  |  
----------------------------------------------------------------------------------------
1  |  0  |  0  |  0  |  0  |  0  |  0  |  0  |  0  |  0  |  0  |  0  |  0  |  0  |  5  |  
----------------------------------------------------------------------------------------
4  |  0  |  0  |  0  |  0  |  0  |  0  |  0  |  0  |  0  |  0  |  0  |  0  |  0  |  5  |  
----------------------------------------------------------------------------------------
5  |  0  |  0  |  0  |  0  |  0  |  0  |  0  |  0  |  0  |  0  |  0  |  0  |  0  |  4  |  
----------------------------------------------------------------------------------------
4  |  0  |  0  |  0  |  0  |  0  |  0  |  0  |  0  |  0  |  0  |  0  |  0  |  0  |  2  |  
----------------------------------------------------------------------------------------
6  |  0  |  0  |  0  |  0  |  0  |  0  |  0  |  0  |  0  |  0  |  0  |  0  |  0  |  3  |  
----------------------------------------------------------------------------------------
4  |  0  |  0  |  0  |  0  |  0  |  0  |  0  |  0  |  0  |  0  |  0  |  0  |  0  |  10  |  
----------------------------------------------------------------------------------------
4  |  0  |  0  |  0  |  0  |  0  |  0  |  0  |  0  |  0  |  0  |  0  |  0  |  0  |  3  |  
----------------------------------------------------------------------------------------
2  |  0  |  0  |  0  |  0  |  0  |  0  |  0  |  0  |  0  |  0  |  0  |  0  |  0  |  7  |  
----------------------------------------------------------------------------------------
1  |  0  |  0  |  0  |  0  |  0  |  0  |  0  |  0  |  0  |  0  |  0  |  0  |  0  |  7  |  
----------------------------------------------------------------------------------------
4  |  0  |  0  |  0  |  0  |  0  |  0  |  0  |  0  |  0  |  0  |  0  |  0  |  0  |  4  |  
----------------------------------------------------------------------------------------
6  |  0  |  0  |  0  |  0  |  0  |  0  |  0  |  0  |  0  |  0  |  0  |  0  |  0  |  2  |  
----------------------------------------------------------------------------------------
1  |  0  |  0  |  0  |  0  |  0  |  0  |  0  |  0  |  0  |  0  |  0  |  0  |  0  |  5  |  
----------------------------------------------------------------------------------------
5  |  0  |  0  |  0  |  0  |  0  |  0  |  0  |  0  |  0  |  0  |  0  |  0  |  0  |  4  |  
----------------------------------------------------------------------------------------
1  |  3  |  2  |  5  |  5  |  4  |  8  |  7  |  4  |  2  |  3  |  6  |  3  |  2  |  1  |  
----------------------------------------------------------------------------------------
Number of squares occupied: 56.0
Total number of beetles: 225.0
The average number of beetles per occupied square: 4.017857142857143
The square(s) with the highest beetle population: 
with number of population = 10
